spawns:
  default:
    world: 9a923e2b-2027-4630-a99d-f146c5be0d8f
    world-name: world
    x: -4.5
    y: 94.0
    z: 50.5
    yaw: -168.15040588378906
    pitch: -13.800007820129395
